x				Avg	std dev	c	t
1	1.052652908	0	0.444237322	1.041145666	0.088847464	0.044423732	0.444237322
2	1.100742151	0.015172753	0.444237322				
3	1.135412849	0.065016205	0.444237322				
4	1.110337845	0.089784652	0.444237322				
5	1.025230624	0.029445879	0.444237322				
6	1.025837928	0	0.444237322				
7	0.916560143	0	0.444237322				
8	1.063524978	0	0.444237322				
9	1.02695319	0	0.444237322				
10	1.064366457	0	0.444237322				
11	1.028070879	0	0.444237322				
12	1.077453054	0	0.444237322				
13	1.053173972	0	0.444237322				
14	1.101177658	0.01560826	0.444237322				
15	1.112532623	0.042571485	0.444237322				
16	1.112312754	0.069314841	0.444237322				
17	1.087221722	0.070967166	0.444237322				
18	1.086363446	0.071761214	0.444237322				
19	1.085292504	0.07148432	0.444237322				
20	1.096190047	0.08210497	0.444237322				
21	1.082305069	0.078840641	0.444237322				
22	1.020397955	0.013669198	0.444237322				
23	1.057983607	0	0.444237322				
24	1.070565323	0	0.444237322				
25	1.082943848	0	0.444237322				
26	1.085185526	0	0.444237322				
27	1.111105032	0.025535634	0.444237322				
28	1.112752578	0.052718814	0.444237322				
29	1.08905007	0.056199486	0.444237322				
30	1.076281215	0.046911303	0.444237322				
31	0.878682409	0	0.444237322				
32	0.975447664	0	0.444237322				
33	1.024119099	0	0.444237322				
34	1.073839223	0	0.444237322				
35	1.085185526	0	0.444237322				
36	1.071408288	0	0.444237322				
37	1.020899231	0	0.444237322				
38	1.018697292	0	0.444237322				
39	0.96980758	0	0.444237322				
40	0.884083009	0	0.444237322				
41	0.967910461	0	0.444237322				
42	1.039182406	0	0.444237322				
43	1.062311721	0	0.444237322				
44	1.061586523	0	0.444237322				
45	1.050650127	0	0.444237322				
46	1.064597379	0	0.444237322				
47	1.103372385	0.017802988	0.444237322				
48	1.105105544	0.037339134	0.444237322				
49	1.081029768	0.032799505	0.444237322				
50	1.080393244	0.027623351	0.444237322				
51	1.068044369	0.010098322	0.444237322				
52	0.996102766	0	0.444237322				
53	0.961453915	0	0.444237322				
54	0.986376797	0	0.444237322				
55	0.999636786	0	0.444237322				
56	1.023816374	0	0.444237322				
57	1.060799334	0	0.444237322				
58	1.099329132	0.013759734	0.444237322				
59	1.102158808	0.030349144	0.444237322				
60	1.116394434	0.06117418	0.444237322				
61	1.118168777	0.093773559	0.444237322				
62	1.034320571	0.042524732	0.444237322				
63	0.962169815	0	0.444237322				
64	0.878577919	0	0.444237322				
65	1.047479973	0	0.444237322				
66	1.011261545	0	0.444237322				
67	1.04788795	0	0.444237322				
68	1.072917568	0	0.444237322				
69	1.074803003	0	0.444237322				
70	1.075222889	0	0.444237322				
71	1.100352402	0.014783004	0.444237322				
72	1.016305984	0	0.444237322				
73	1.041114728	0	0.444237322				
74	1.06563957	0	0.444237322				
75	0.945191873	0	0.444237322				
76	0.957591141	0	0.444237322				
77	1.041522449	0	0.444237322				
78	0.993079544	0	0.444237322				
79	0.993760602	0	0.444237322				
80	0.94584047	0	0.444237322				
81	0.958624445	0	0.444237322				
82	0.959471536	0	0.444237322				
83	0.947512387	0	0.444237322				
84	0.98501922	0	0.444237322				
85	1.021903263	0	0.444237322				
86	1.02240602	0	0.444237322				
87	1.058399808	0	0.444237322				
88	1.021401	0	0.444237322				
89	0.959754232	0	0.444237322				
90	0.910086498	0	0.444237322				
91	0.873768753	0	0.444237322				
92	0.776911996	0	0.444237322				
93	0.802371612	0	0.444237322				
94	0.875830946	0	0.444237322				
95	1.02240602	0	0.444237322				
96	0.851669812	0	0.444237322				
97	0.803160959	0	0.444237322				
98	0.779206028	0	0.444237322				
99	0.730793365	0	0.444237322				
100	0.950686633	0	0.444237322				
101	0.853516706	0	0.444237322				
102	0.879376471	0	0.444237322				
103	0.843485327	0	0.444237322				
104	0.843652073	0	0.444237322				
105	0.892383027	0	0.444237322				
106	0.965347979	0	0.444237322				
107	0.989689402	0	0.444237322				
108	0.977567574	0	0.444237322				
109	1.00190779	0	0.444237322				
110	0.806413587	0	0.444237322				
111	0.76991052	0	0.444237322				
112	0.831096637	0	0.444237322				
113	0.965634149	0	0.444237322				
114	0.990863875	0	0.444237322				
115	0.845072082	0	0.444237322				
116	0.894947854	0	0.444237322				
117	0.895746836	0	0.444237322				
118	0.920287845	0	0.444237322				
119	0.920379143	0	0.444237322				
120	0.993418154	0	0.444237322				
121	1.005283891	0	0.444237322				
122	1.004985085	0	0.444237322				
123	0.992041139	0	0.444237322				
124	1.04951109	0	0.444237322				
125	1.099690233	0.014120835	0.444237322				
126	1.135436303	0.063987741	0.444237322				
127	1.110496038	0.088914381	0.444237322				
128	1.0252339	0.028578884	0.444237322				
129	1.025723774	0	0.444237322				
130	0.91639951	0	0.444237322				
131	1.063400531	0	0.444237322				
132	1.026898004	0	0.444237322				
133	1.064202927	0	0.444237322				
134	1.027937698	0	0.444237322				
135	1.077323264	0	0.444237322				
136	1.053094226	0	0.444237322				
137	1.10136308	0.015793682	0.444237322				
138	1.112799454	0.043023738	0.444237322				
139	1.112471842	0.069926183	0.444237322				
140	1.087427074	0.071783858	0.444237322				
141	1.08663211	0.072846571	0.444237322				
142	1.085629357	0.07290653	0.444237322				
143	1.096601204	0.083938336	0.444237322				
144	1.082825931	0.081194869	0.444237322				
145	1.020824895	0.016450367	0.444237322				
146	1.057923937	0	0.444237322				
147	1.070466464	0	0.444237322				
148	1.082873572	0	0.444237322				
149	1.084702456	0	0.444237322				
150	1.11060994	0.025040542	0.444237322				
151	1.112233173	0.051704317	0.444237322				
152	1.08871254	0.054847459	0.444237322				
153	1.076278142	0.045556203	0.444237322				
154	0.879089612	0	0.444237322				
155	0.975809937	0	0.444237322				
156	1.024295262	0	0.444237322				
157	1.073722064	0	0.444237322				
158	1.08533148	0	0.444237322				
159	1.07180495	0	0.444237322				
160	1.021430384	0	0.444237322				
161	1.019367652	0	0.444237322				
162	0.970138706	0	0.444237322				
163	0.884387527	0	0.444237322				
164	0.96824475	0	0.444237322				
165	1.039604996	0	0.444237322				
166	1.062703057	0	0.444237322				
167	1.061897237	0	0.444237322				
168	1.050542525	0	0.444237322				
169	1.064176967	0	0.444237322				
170	1.102700935	0.017131537	0.444237322				
171	1.104501162	0.036063302	0.444237322				
172	1.080773764	0.031267668	0.444237322				
173	1.080441257	0.026139527	0.444237322				
174	1.068117861	0.008687991	0.444237322				
175	0.99595601	0	0.444237322				
176	0.961036125	0	0.444237322				
177	0.986104019	0	0.444237322				
178	0.999317225	0	0.444237322				
179	1.023746082	0	0.444237322				
180	1.06069629	0	0.444237322				
181	1.098893411	0.013324013	0.444237322				
182	1.101414226	0.029168841	0.444237322				
183	1.115705756	0.059305199	0.444237322				
184	1.117549538	0.09128534	0.444237322				
185	1.043654646	0.049370588	0.444237322				
186	0.979755362	0	0.444237322				
187	0.906773603	0	0.444237322				
188	1.025913655	0	0.444237322				
189	0.981049814	0	0.444237322				
190	1.027741309	0	0.444237322				
191	1.062396593	0	0.444237322				
192	1.081063923	0	0.444237322				
193	1.082631363	0	0.444237322				
194	1.087135456	0.001566058	0.444237322				
195	1.018154802	0	0.444237322				
196	1.041966154	0	0.444237322				
197	1.07137721	0	0.444237322				
198	0.972542203	0	0.444237322				
199	0.965169788	0	0.444237322				
200	1.028760672	0	0.444237322				
201	0.998293593	0	0.444237322				
202	1.000227631	0	0.444237322				
203	0.953446461	0	0.444237322				
204	0.96551824	0	0.444237322				
205	0.970433301	0	0.444237322				
206	0.941125938	0	0.444237322				
207	0.92339964	0	0.444237322				
208	1.016891725	0	0.444237322				
209	1.025671836	0	0.444237322				
210	1.00270424	0	0.444237322				
211	1.020189412	0	0.444237322				
212	0.953835025	0	0.444237322				
213	0.929315974	0	0.444237322				
214	0.909711514	0	0.444237322				
215	0.823494964	0	0.444237322				
216	0.791240123	0	0.444237322				
217	0.849831985	0	0.444237322				
218	0.982594105	0	0.444237322				
219	0.877609485	0	0.444237322				
220	0.82782932	0	0.444237322				
221	0.794742318	0	0.444237322				
222	0.745799794	0	0.444237322				
223	0.904671336	0	0.444237322				
224	0.851986773	0	0.444237322				
225	0.87784039	0	0.444237322				
226	0.850238926	0	0.444237322				
227	0.839586575	0	0.444237322				
228	0.882582485	0	0.444237322				
229	0.911316328	0	0.444237322				
230	0.945744993	0	0.444237322				
231	0.941910082	0	0.444237322				
232	1.013067094	0	0.444237322				
233	0.840171586	0	0.444237322				
234	0.80037537	0	0.444237322				
235	0.832342314	0	0.444237322				
236	0.93546513	0	0.444237322				
237	0.947462386	0	0.444237322				
238	0.861203574	0	0.444237322				
239	0.887574221	0	0.444237322				
240	0.927608597	0	0.444237322				
241	0.916563504	0	0.444237322				
242	0.875723792	0	0.444237322				
243	0.95019524	0	0.444237322				
244	1.017294609	0	0.444237322				
245	1.015934416	0	0.444237322				
246	0.978955586	0	0.444237322				
247	1.119597489	0.034028092	0.444237322				
248	1.107463472	0.055922165	0.444237322				
249	1.138821765	0.109174533	0.444237322				
250	1.116882785	0.14048792	0.444237322				
251	1.044333255	0.099251777	0.444237322				
252	1.027976323	0.041658703	0.444237322				
253	0.946478116	0	0.444237322				
254	1.047804554	0	0.444237322				
255	1.028622317	0	0.444237322				
256	1.047259513	0	0.444237322				
257	1.029108219	0	0.444237322				
258	1.054274871	0	0.444237322				
259	1.054470749	0	0.444237322				
260	1.088911267	0.003341869	0.444237322				
261	1.116041871	0.033814343	0.444237322				
262	1.103294971	0.051539915	0.444237322				
263	1.096835743	0.062806261	0.444237322				
264	1.092821631	0.070058494	0.444237322				
265	1.097839294	0.08232839	0.444237322				
266	1.089051856	0.085810848	0.444237322				
267	1.08285883	0.083100281	0.444237322				
268	1.028639375	0.026170257	0.444237322				
269	1.058000451	0	0.444237322				
270	1.067870213	0	0.444237322				
271	1.066375085	0	0.444237322				
272	1.083200614	0	0.444237322				
273	1.082089485	0	0.444237322				
274	1.122913608	0.037344211	0.444237322				
275	1.099996562	0.051771375	0.444237322				
276	1.085510547	0.051712524	0.444237322				
277	0.909991766	0	0.444237322				
278	0.967088329	0	0.444237322				
279	0.999959878	0	0.444237322				
280	1.058598189	0	0.444237322				
281	1.08237914	0	0.444237322				
282	1.083608288	0	0.444237322				
283	1.03344636	0	0.444237322				
284	1.024280101	0	0.444237322				
285	0.974973858	0	0.444237322				
286	0.89427854	0	0.444237322				
287	0.965958518	0	0.444237322				
288	1.025631697	0	0.444237322				
289	1.041833909	0	0.444237322				
290	1.059261631	0	0.444237322				
291	1.035954408	0	0.444237322				
292	1.061146941	0	0.444237322				
293	1.10429976	0.018730362	0.444237322				
294	1.099304368	0.032465332	0.444237322				
295	1.09160415	0.038500085	0.444237322				
296	1.092146809	0.045077496	0.444237322				
297	1.045704829	0.005212927	0.444237322				
298	1.014981633	0	0.444237322				
299	0.981782592	0	0.444237322				
300	0.988704693	0	0.444237322				
301	0.999928831	0	0.444237322				
302	1.023634721	0	0.444237322				
303	1.055244388	0	0.444237322				
304	1.083428504	0	0.444237322				
305	1.097524568	0.01195517	0.444237322				
306	1.118851949	0.045237721	0.444237322				
307	1.118364611	0.078032935	0.444237322				
308	1.054056336	0.046519873	0.444237322				
309	0.987118624	0	0.444237322				
310	0.917276436	0	0.444237322				
311	0.984472265	0	0.444237322				
312	1.006186689	0	0.444237322				
313	1.029876897	0	0.444237322				
314	1.050889596	0	0.444237322				
315	1.075177636	0	0.444237322				
316	1.077537816	0	0.444237322				
317	1.056775958	0	0.444237322				
318	1.018360167	0	0.444237322				
319	1.045231932	0	0.444237322				
320	1.074557916	0	0.444237322				
321	1.00433558	0	0.444237322				
322	0.973676994	0	0.444237322				
323	1.01841355	0	0.444237322				
324	1.003104566	0	0.444237322				
325	0.999261944	0	0.444237322				
326	0.950857582	0	0.444237322				
327	0.956981009	0	0.444237322				
328	0.971146276	0	0.444237322				
329	0.947395687	0	0.444237322				
330	0.94273868	0	0.444237322				
331	0.99419029	0	0.444237322				
332	1.007037045	0	0.444237322				
333	1.003020067	0	0.444237322				
334	1.02177075	0	0.444237322				
335	0.974493736	0	0.444237322				
336	0.925561856	0	0.444237322				
337	0.900063874	0	0.444237322				
338	0.837142722	0	0.444237322				
339	0.8243796	0	0.444237322				
340	0.832632367	0	0.444237322				
341	0.941685131	0	0.444237322				
342	0.895254338	0	0.444237322				
343	0.843910255	0	0.444237322				
344	0.787934296	0	0.444237322				
345	0.770806015	0	0.444237322				
346	0.84499142	0	0.444237322				
347	0.847592471	0	0.444237322				
348	0.873166058	0	0.444237322				
349	0.865775728	0	0.444237322				
350	0.847465503	0	0.444237322				
351	0.876472273	0	0.444237322				
352	0.895216883	0	0.444237322				
353	0.942264998	0	0.444237322				
354	0.938894567	0	0.444237322				
355	0.993517221	0	0.444237322				
356	0.868389226	0	0.444237322				
357	0.826159292	0	0.444237322				
358	0.81979314	0	0.444237322				
359	0.901357432	0	0.444237322				
360	0.901222801	0	0.444237322				
361	0.861736558	0	0.444237322				
362	0.90668062	0	0.444237322				
363	0.934356956	0	0.444237322				
364	0.931164803	0	0.444237322				
365	0.889135968	0	0.444237322				
366	0.93937682	0	0.444237322				
367	0.995436579	0	0.444237322				
368	1.018413352	0	0.444237322				
369	0.979827677	0	0.444237322				
370	1.102820826	0.017251428	0.444237322				
371	1.098019834	0.029701864	0.444237322				
372	1.142560223	0.086692689	0.444237322				
373	1.125437222	0.126560513	0.444237322				
374	1.066585044	0.107576159	0.444237322				
375	1.041755934	0.063762695	0.444237322				
376	0.946971614	0	0.444237322				
377	1.036123299	0	0.444237322				
378	1.030700224	0	0.444237322				
379	1.044138945	0	0.444237322				
380	1.018943057	0	0.444237322				
381	1.030876383	0	0.444237322				
382	1.033445813	0	0.444237322				
383	1.096859879	0.011290481	0.444237322				
384	1.113379136	0.039100219	0.444237322				
385	1.118618122	0.072148943	0.444237322				
386	1.092969576	0.079549121	0.444237322				
387	1.105618609	0.099598333	0.444237322				
388	1.104208068	0.118237004	0.444237322				
389	1.09832715	0.130994756	0.444237322				
390	1.087607201	0.133032559	0.444237322				
391	1.043614638	0.091077799	0.444237322				
392	1.062334241	0.067842642	0.444237322				
393	1.067459245	0.049732489	0.444237322				
394	1.061692534	0.025855625	0.444237322				
395	1.082782377	0.023068605	0.444237322				
396	1.082174736	0.019673943	0.444237322				
397	1.114241828	0.048346373	0.444237322				
398	1.101507191	0.064284167	0.444237322				
399	1.098533509	0.077248278	0.444237322				
400	0.950226054	0	0.444237322				
401	0.964147444	0	0.444237322				
402	0.985092447	0	0.444237322				
403	1.027294782	0	0.444237322				
404	1.067373615	0	0.444237322				
405	1.082637304	0	0.444237322				
406	1.047894874	0	0.444237322				
407	1.03151075	0	0.444237322				
408	0.987509063	0	0.444237322				
409	0.910467517	0	0.444237322				
410	0.954625383	0	0.444237322				
411	1.022019928	0	0.444237322				
412	1.041527912	0	0.444237322				
413	1.053199326	0	0.444237322				
414	1.040726659	0	0.444237322				
415	1.045957921	0	0.444237322				
416	1.088951498	0.0033821	0.444237322				
417	1.10178738	0.019600082	0.444237322				
418	1.098816317	0.032847002	0.444237322				
419	1.094752632	0.042030237	0.444237322				
420	1.035055381	0	0.444237322				
421	1.022043569	0	0.444237322				
422	0.991119409	0	0.444237322				
423	0.9885088	0	0.444237322				
424	0.972533241	0	0.444237322				
425	1.012979159	0	0.444237322				
426	1.06237843	0	0.444237322				
427	1.077659598	0	0.444237322				
428	1.09750353	0.011934132	0.444237322				
429	1.116940471	0.043305206	0.444237322				
430	1.117755192	0.075491	0.444237322				
431	1.049257854	0.039179456	0.444237322				
432	1.00823871	0	0.444237322				
433	0.944502211	0	0.444237322				
434	0.964040277	0	0.444237322				
435	1.014897855	0	0.444237322				
436	1.035038341	0	0.444237322				
437	1.048448677	0	0.444237322				
438	1.056942895	0	0.444237322				
439	1.070009287	0	0.444237322				
440	1.020797676	0	0.444237322				
441	1.03841735	0	0.444237322				
442	1.047206183	0	0.444237322				
443	1.069114169	0	0.444237322				
444	1.014099991	0	0.444237322				
445	0.985791941	0	0.444237322				
446	1.01844391	0	0.444237322				
447	0.98642658	0	0.444237322				
448	0.993678374	0	0.444237322				
449	0.961071372	0	0.444237322				
450	0.952099299	0	0.444237322				
451	0.935235077	0	0.444237322				
452	0.96795953	0	0.444237322				
453	0.932994088	0	0.444237322				
454	0.987700329	0	0.444237322				
455	1.010088547	0	0.444237322				
456	1.012856468	0	0.444237322				
457	1.024200607	0	0.444237322				
458	0.974842797	0	0.444237322				
459	0.94039249	0	0.444237322				
460	0.903507907	0	0.444237322				
461	0.83684629	0	0.444237322				
462	0.831662184	0	0.444237322				
463	0.838342121	0	0.444237322				
464	0.942204446	0	0.444237322				
465	0.873192957	0	0.444237322				
466	0.851135332	0	0.444237322				
467	0.79712581	0	0.444237322				
468	0.782080465	0	0.444237322				
469	0.833316359	0	0.444237322				
470	0.840096566	0	0.444237322				
471	0.864769834	0	0.444237322				
472	0.866638028	0	0.444237322				
473	0.844144407	0	0.444237322				
474	0.852279382	0	0.444237322				
475	0.911147446	0	0.444237322				
476	0.933075341	0	0.444237322				
477	0.946531165	0	0.444237322				
478	0.99276037	0	0.444237322				
479	0.870911033	0	0.444237322				
480	0.823070856	0	0.444237322				
481	0.803480478	0	0.444237322				
482	0.888661672	0	0.444237322				
483	0.920877616	0	0.444237322				
484	0.831743064	0	0.444237322				
485	0.891129295	0	0.444237322				
486	0.938205388	0	0.444237322				
487	0.947721795	0	0.444237322				
488	0.91843358	0	0.444237322				
489	0.934663532	0	0.444237322				
490	0.978485259	0	0.444237322				
491	1.015588451	0	0.444237322				
492	0.986679628	0	0.444237322				
493	1.117781816	0.032212418	0.444237322				
494	1.10961366	0.05625668	0.444237322				
495	1.14279264	0.113479923	0.444237322				
496	1.134041422	0.161951947	0.444237322				
497	1.083773003	0.160155552	0.444237322				
498	1.053068639	0.127654794	0.444237322				
499	0.969346449	0.011431846	0.444237322				
500	1.013915868	0	0.444237322				
501	1.03481843	0	0.444237322				
502	1.049586521	0	0.444237322				
503	1.019603552	0	0.444237322				
504	1.021757275	0	0.444237322				
505	1.024704363	0	0.444237322				
506	1.084603666	0	0.444237322				
507	1.105131372	0.019561975	0.444237322				
508	1.114371106	0.048363683	0.444237322				
509	1.091738634	0.054532919	0.444237322				
510	1.117164876	0.086128397	0.444237322				
511	1.115778318	0.116337317	0.444237322				
512	1.101562862	0.132330782	0.444237322				
513	1.076800537	0.123561921	0.444237322				
514	1.055495974	0.093488497	0.444237322				
515	1.040868313	0.048787413	0.444237322				
516	1.044642739	0.007860754	0.444237322				
517	1.034002232	0	0.444237322				
518	1.087567075	0.001997677	0.444237322				
519	1.099884538	0.016312817	0.444237322				
520	1.122019979	0.052763399	0.444237322				
521	1.101941663	0.069135664	0.444237322				
522	1.094108167	0.077674433	0.444237322				
523	0.974843046	0	0.444237322				
524	0.970433748	0	0.444237322				
525	0.970666245	0	0.444237322				
526	1.020318336	0	0.444237322				
527	1.066465117	0	0.444237322				
528	1.086658109	0.001088711	0.444237322				
529	1.056463794	0	0.444237322				
530	1.038054783	0	0.444237322				
531	0.998780477	0	0.444237322				
532	0.939359358	0	0.444237322				
533	0.95424621	0	0.444237322				
534	0.992976841	0	0.444237322				
535	1.025810492	0	0.444237322				
536	1.044629364	0	0.444237322				
537	1.040100033	0	0.444237322				
538	1.056503716	0	0.444237322				
539	1.091058355	0.005488957	0.444237322				
540	1.104597281	0.02451684	0.444237322				
541	1.105069248	0.04401669	0.444237322				
542	1.097947628	0.056394921	0.444237322				
543	1.039576668	0.010402192	0.444237322				
544	1.003032134	0	0.444237322				
545	0.987998565	0	0.444237322				
546	0.992616095	0	0.444237322				
547	0.98627518	0	0.444237322				
548	1.009711272	0	0.444237322				
549	1.045511611	0	0.444237322				
550	1.067845602	0	0.444237322				
551	1.094555889	0.008986491	0.444237322				
552	1.111709299	0.035126392	0.444237322				
553	1.10516054	0.054717534	0.444237322				
554	1.056073626	0.025221763	0.444237322				
555	0.998754482	0	0.444237322				
556	0.958792727	0	0.444237322				
557	0.967830845	0	0.444237322				
558	1.018053859	0	0.444237322				
559	1.016398092	0	0.444237322				
560	0.99214587	0	0.444237322				
561	1.032297014	0	0.444237322				
562	1.086042577	0.00047318	0.444237322				
563	1.049762083	0	0.444237322				
564	1.050843258	0	0.444237322				
565	1.055292185	0	0.444237322				
566	1.072848374	0	0.444237322				
567	1.028940321	0	0.444237322				
568	0.994584049	0	0.444237322				
569	0.99936804	0	0.444237322				
570	0.972512477	0	0.444237322				
571	0.981109493	0	0.444237322				
572	0.963123991	0	0.444237322				
573	0.982013062	0	0.444237322				
574	0.956090556	0	0.444237322				
575	0.94403948	0	0.444237322				
576	0.920774911	0	0.444237322				
577	0.99243965	0	0.444237322				
578	1.014852438	0	0.444237322				
579	1.008984743	0	0.444237322				
580	0.979362386	0	0.444237322				
581	0.976876666	0	0.444237322				
582	0.958737888	0	0.444237322				
583	0.912461143	0	0.444237322				
584	0.857734988	0	0.444237322				
585	0.844862913	0	0.444237322				
586	0.84635051	0	0.444237322				
587	0.929858919	0	0.444237322				
588	0.880414928	0	0.444237322				
589	0.860447781	0	0.444237322				
590	0.791943982	0	0.444237322				
591	0.766646141	0	0.444237322				
592	0.78284601	0	0.444237322				
593	0.818006108	0	0.444237322				
594	0.877976949	0	0.444237322				
595	0.889575819	0	0.444237322				
596	0.86170043	0	0.444237322				
597	0.861901729	0	0.444237322				
598	0.902256574	0	0.444237322				
599	0.930101225	0	0.444237322				
600	0.950111797	0	0.444237322				
601	0.98426452	0	0.444237322				
602	0.891569912	0	0.444237322				
603	0.824280446	0	0.444237322				
604	0.80795928	0	0.444237322				
605	0.876769779	0	0.444237322				
606	0.919312189	0	0.444237322				
607	0.839821482	0	0.444237322				
608	0.881496769	0	0.444237322				
609	0.931919198	0	0.444237322				
610	0.935474918	0	0.444237322				
611	0.927386379	0	0.444237322				
612	0.939594112	0	0.444237322				
613	0.957662238	0	0.444237322				
614	1.004894574	0	0.444237322				
615	0.99131688	0	0.444237322				
616	1.10790727	0.022337872	0.444237322				
617	1.115696671	0.052465146	0.444237322				
618	1.138124413	0.10502016	0.444237322				
619	1.125776791	0.145227554	0.444237322				
620	1.096270385	0.155928541	0.444237322				
621	1.066378565	0.136737709	0.444237322				
622	0.990405916	0.041574227	0.444237322				
623	1.017383889	0	0.444237322				
624	1.036553878	0	0.444237322				
625	1.037229456	0	0.444237322				
626	1.028363876	0	0.444237322				
627	1.024606398	0	0.444237322				
628	1.015406019	0	0.444237322				
629	1.056846652	0	0.444237322				
630	1.089753703	0.004184305	0.444237322				
631	1.112113004	0.030727911	0.444237322				
632	1.103507772	0.048666285	0.444237322				
633	1.118981686	0.082078574	0.444237322				
634	1.121978181	0.118487357	0.444237322				
635	1.099028064	0.131946024	0.444237322				
636	1.073090114	0.11946674	0.444237322				
637	1.06619565	0.100092992	0.444237322				
638	1.055109002	0.069632596	0.444237322				
639	1.034099753	0.018162951	0.444237322				
640	1.027014411	0	0.444237322				
641	1.089347105	0.003777707	0.444237322				
642	1.103144274	0.021352583	0.444237322				
643	1.102274009	0.038057195	0.444237322				
644	1.111900352	0.064388149	0.444237322				
645	1.099441964	0.078260715	0.444237322				
646	0.995231359	0	0.444237322				
647	0.971784483	0	0.444237322				
648	0.971137914	0	0.444237322				
649	1.009832388	0	0.444237322				
650	1.05764467	0	0.444237322				
651	1.084203575	0	0.444237322				
652	1.05151444	0	0.444237322				
653	1.045098069	0	0.444237322				
654	1.014025759	0	0.444237322				
655	0.954352036	0	0.444237322				
656	0.959061831	0	0.444237322				
657	0.981792208	0	0.444237322				
658	1.014371811	0	0.444237322				
659	1.022926141	0	0.444237322				
660	1.048202756	0	0.444237322				
661	1.048381381	0	0.444237322				
662	1.096244937	0.01067554	0.444237322				
663	1.106288831	0.031394972	0.444237322				
664	1.105621651	0.051447226	0.444237322				
665	1.089309471	0.055187299	0.444237322				
666	1.045796594	0.015414495	0.444237322				
667	1.017475513	0	0.444237322				
668	1.000961814	0	0.444237322				
669	0.991870069	0	0.444237322				
670	0.99860511	0	0.444237322				
671	1.002551958	0	0.444237322				
672	1.03747494	0	0.444237322				
673	1.059988227	0	0.444237322				
674	1.058660191	0	0.444237322				
675	1.107795526	0.022226128	0.444237322				
676	1.091145857	0.027802588	0.444237322				
677	1.063650548	0.005883739	0.444237322				
678	1.007892323	0	0.444237322				
679	0.95734803	0	0.444237322				
680	0.959898348	0	0.444237322				
681	1.026194856	0	0.444237322				
682	1.041749432	0	0.444237322				
683	1.001598964	0	0.444237322				
684	1.024954965	0	0.444237322				
685	1.068840694	0	0.444237322				
686	1.050839853	0	0.444237322				
687	1.058523247	0	0.444237322				
688	1.052258668	0	0.444237322				
689	1.060054249	0	0.444237322				
690	1.033225903	0	0.444237322				
691	1.007978185	0	0.444237322				
692	0.980147562	0	0.444237322				
693	0.97085423	0	0.444237322				
694	0.989016924	0	0.444237322				
695	0.969739853	0	0.444237322				
696	0.983091515	0	0.444237322				
697	0.966574252	0	0.444237322				
698	0.954982262	0	0.444237322				
699	0.931714682	0	0.444237322				
700	0.983658263	0	0.444237322				
701	0.953488869	0	0.444237322				
702	0.975872081	0	0.444237322				
703	0.990645845	0	0.444237322				
704	0.989835238	0	0.444237322				
705	0.974928306	0	0.444237322				
706	0.909719247	0	0.444237322				
707	0.867768518	0	0.444237322				
708	0.860713325	0	0.444237322				
709	0.863141575	0	0.444237322				
710	0.920819095	0	0.444237322				
711	0.884903341	0	0.444237322				
712	0.863959408	0	0.444237322				
713	0.786871395	0	0.444237322				
714	0.765341949	0	0.444237322				
715	0.803093692	0	0.444237322				
716	0.787043923	0	0.444237322				
717	0.870442751	0	0.444237322				
718	0.889258427	0	0.444237322				
719	0.874259741	0	0.444237322				
720	0.866540995	0	0.444237322				
721	0.88796609	0	0.444237322				
722	0.918479688	0	0.444237322				
723	0.902470782	0	0.444237322				
724	0.950123148	0	0.444237322				
725	0.90968995	0	0.444237322				
726	0.860750441	0	0.444237322				
727	0.833069047	0	0.444237322				
728	0.881337633	0	0.444237322				
729	0.914431261	0	0.444237322				
730	0.855970091	0	0.444237322				
731	0.874260222	0	0.444237322				
732	0.902348055	0	0.444237322				
733	0.896697696	0	0.444237322				
734	0.868320574	0	0.444237322				
735	0.927729894	0	0.444237322				
736	0.976163602	0	0.444237322				
737	1.029639795	0	0.444237322				
738	1.000230531	0	0.444237322				
739	1.140163869	0.054594471	0.444237322				
740	1.125987743	0.095012817	0.444237322				
741	1.12925348	0.138696899	0.444237322				
742	1.13034159	0.183469091	0.444237322				
743	1.113916506	0.211816199	0.444237322				
744	1.078850115	0.205096916	0.444237322				
745	1.000872132	0.12039965	0.444237322				
746	1.015712126	0.050542378	0.444237322				
747	1.03429574	0	0.444237322				
748	1.038634309	0	0.444237322				
749	1.013443753	0	0.444237322				
750	1.000803355	0	0.444237322				
751	1.021529825	0	0.444237322				
752	1.065960813	0	0.444237322				
753	1.093932156	0.008362758	0.444237322				
754	1.114061506	0.036854866	0.444237322				
755	1.106035176	0.057320644	0.444237322				
756	1.116705871	0.088457118	0.444237322				
757	1.120498841	0.123386561	0.444237322				
758	1.09824525	0.136062414	0.444237322				
759	1.087674207	0.138167222	0.444237322				
760	1.063476162	0.116073986	0.444237322				
761	1.051501409	0.082005998	0.444237322				
762	1.03220358	0.02864018	0.444237322				
763	1.020238894	0	0.444237322				
764	1.078518755	0	0.444237322				
765	1.103970218	0.01840082	0.444237322				
766	1.10787539	0.040706812	0.444237322				
767	1.112021065	0.067158479	0.444237322				
768	1.094379237	0.075968318	0.444237322				
769	1.018507623	0.008906544	0.444237322				
770	0.991444233	0	0.444237322				
771	0.974164583	0	0.444237322				
772	1.002765829	0	0.444237322				
773	1.044537543	0	0.444237322				
774	1.078366928	0	0.444237322				
775	1.065225731	0	0.444237322				
776	1.027643445	0	0.444237322				
777	1.013923233	0	0.444237322				
778	0.964043778	0	0.444237322				
779	0.966303494	0	0.444237322				
780	0.982101029	0	0.444237322				
781	1.012293691	0	0.444237322				
782	1.020346153	0	0.444237322				
783	1.036942037	0	0.444237322				
784	1.041557821	0	0.444237322				
785	1.088439288	0.002869891	0.444237322				
786	1.103745897	0.02104639	0.444237322				
787	1.109817466	0.045294458	0.444237322				
788	1.08931543	0.04904049	0.444237322				
789	1.059345201	0.022816293	0.444237322				
790	1.02817334	0	0.444237322				
791	1.003785046	0	0.444237322				
792	1.003643497	0	0.444237322				
793	0.997202046	0	0.444237322				
794	0.996634311	0	0.444237322				
795	1.020329539	0	0.444237322				
796	1.037988936	0	0.444237322				
797	1.045061274	0	0.444237322				
798	1.091747461	0.006178063	0.444237322				
799	1.077062333	0	0.444237322				
800	1.061210238	0	0.444237322				
801	1.036143973	0	0.444237322				
802	0.97727183	0	0.444237322				
803	0.978153994	0	0.444237322				
804	1.03310007	0	0.444237322				
805	1.036481376	0	0.444237322				
806	1.003355325	0	0.444237322				
807	1.013469474	0	0.444237322				
808	1.052233283	0	0.444237322				
809	1.058143847	0	0.444237322				
810	1.069128064	0	0.444237322				
811	1.057507015	0	0.444237322				
812	1.048387824	0	0.444237322				
813	0.994369316	0	0.444237322				
814	1.006603098	0	0.444237322				
815	1.016031412	0	0.444237322				
816	0.97897098	0	0.444237322				
817	0.983540587	0	0.444237322				
818	0.959510068	0	0.444237322				
819	0.973738999	0	0.444237322				
820	0.980953794	0	0.444237322				
821	0.958001086	0	0.444237322				
822	0.920637577	0	0.444237322				
823	0.980973707	0	0.444237322				
824	0.935389685	0	0.444237322				
825	0.952249746	0	0.444237322				
826	0.995507122	0	0.444237322				
827	0.99184205	0	0.444237322				
828	0.98921673	0	0.444237322				
829	0.912844595	0	0.444237322				
830	0.891342806	0	0.444237322				
831	0.877311529	0	0.444237322				
832	0.873098408	0	0.444237322				
833	0.912326437	0	0.444237322				
834	0.88469801	0	0.444237322				
835	0.878726397	0	0.444237322				
836	0.805067443	0	0.444237322				
837	0.764781723	0	0.444237322				
838	0.774278986	0	0.444237322				
839	0.767065991	0	0.444237322				
840	0.85412714	0	0.444237322				
841	0.898908764	0	0.444237322				
842	0.894158019	0	0.444237322				
843	0.864357409	0	0.444237322				
844	0.854165237	0	0.444237322				
845	0.862951869	0	0.444237322				
846	0.911508621	0	0.444237322				
847	0.937298309	0	0.444237322				
848	0.924616883	0	0.444237322				
849	0.883330004	0	0.444237322				
850	0.851406457	0	0.444237322				
851	0.873023879	0	0.444237322				
852	0.883781187	0	0.444237322				
853	0.841935796	0	0.444237322				
854	0.890625275	0	0.444237322				
855	0.878786406	0	0.444237322				
856	0.912077219	0	0.444237322				
857	0.882211032	0	0.444237322				
858	0.936551251	0	0.444237322				
859	0.969257971	0	0.444237322				
860	0.993725165	0	0.444237322				
861	0.965939536	0	0.444237322				
862	1.140433741	0.054864343	0.444237322				
863	1.153065497	0.122360443	0.444237322				
864	1.155098875	0.19188992	0.444237322				
865	1.136960211	0.243280733	0.444237322				
866	1.102911063	0.260622398	0.444237322				
867	1.09287386	0.26792686	0.444237322				
868	1.028261073	0.210618535	0.444237322				
869	1.029922558	0.154971695	0.444237322				
870	1.033382436	0.102784734	0.444237322				
871	1.024754247	0.041969583	0.444237322				
872	1.013465346	0	0.444237322				
873	1.008325049	0	0.444237322				
874	1.022517462	0	0.444237322				
875	1.048933104	0	0.444237322				
876	1.086672197	0.001102799	0.444237322				
877	1.112366662	0.027900063	0.444237322				
878	1.107079476	0.049410142	0.444237322				
879	1.114877391	0.078718135	0.444237322				
880	1.119023052	0.112171789	0.444237322				
881	1.10229973	0.128902122	0.444237322				
882	1.093938715	0.137271438	0.444237322				
883	1.06317459	0.114876631	0.444237322				
884	1.04067789	0.069985123	0.444237322				
885	1.034791125	0.01920685	0.444237322				
886	1.028785868	0	0.444237322				
887	1.077314399	0	0.444237322				
888	1.098124274	0.012554876	0.444237322				
889	1.110095833	0.037081312	0.444237322				
890	1.109381724	0.060893638	0.444237322				
891	1.086401835	0.061726075	0.444237322				
892	1.040553211	0.016709888	0.444237322				
893	0.995349955	0	0.444237322				
894	0.979180144	0	0.444237322				
895	0.998653318	0	0.444237322				
896	1.028639391	0	0.444237322				
897	1.070303021	0	0.444237322				
898	1.059557406	0	0.444237322				
899	1.038382191	0	0.444237322				
900	1.02071968	0	0.444237322				
901	0.98117657	0	0.444237322				
902	0.974520425	0	0.444237322				
903	0.974695652	0	0.444237322				
904	0.995159239	0	0.444237322				
905	1.027228893	0	0.444237322				
906	1.040999103	0	0.444237322				
907	1.044562297	0	0.444237322				
908	1.069118366	0	0.444237322				
909	1.100907655	0.015338258	0.444237322				
910	1.110065944	0.039834804	0.444237322				
911	1.093648821	0.047914228	0.444237322				
912	1.059617027	0.021961857	0.444237322				
913	1.037099315	0	0.444237322				
914	1.012052644	0	0.444237322				
915	1.011456255	0	0.444237322				
916	0.999138712	0	0.444237322				
917	0.995141698	0	0.444237322				
918	1.017158408	0	0.444237322				
919	1.035476384	0	0.444237322				
920	1.045042858	0	0.444237322				
921	1.076613352	0	0.444237322				
922	1.071847504	0	0.444237322				
923	1.065049527	0	0.444237322				
924	1.040283666	0	0.444237322				
925	0.98594872	0	0.444237322				
926	0.983579213	0	0.444237322				
927	1.023431024	0	0.444237322				
928	1.024417424	0	0.444237322				
929	0.975920209	0	0.444237322				
930	1.006304224	0	0.444237322				
931	1.058054753	0	0.444237322				
932	1.061823675	0	0.444237322				
933	1.059875546	0	0.444237322				
934	1.0592196	0	0.444237322				
935	1.053638886	0	0.444237322				
936	1.014523558	0	0.444237322				
937	1.006557201	0	0.444237322				
938	1.014046036	0	0.444237322				
939	0.983331032	0	0.444237322				
940	0.984244533	0	0.444237322				
941	0.964716901	0	0.444237322				
942	0.980111704	0	0.444237322				
943	0.989010051	0	0.444237322				
944	0.95385257	0	0.444237322				
945	0.909558526	0	0.444237322				
946	0.979230858	0	0.444237322				
947	0.941610017	0	0.444237322				
948	0.955987965	0	0.444237322				
949	0.987725089	0	0.444237322				
950	0.989661663	0	0.444237322				
951	0.964623884	0	0.444237322				
952	0.900080927	0	0.444237322				
953	0.904481287	0	0.444237322				
954	0.887539584	0	0.444237322				
955	0.867356206	0	0.444237322				
956	0.895839963	0	0.444237322				
957	0.91214494	0	0.444237322				
958	0.892242348	0	0.444237322				
959	0.817690322	0	0.444237322				
960	0.77308415	0	0.444237322				
961	0.775437762	0	0.444237322				
962	0.769002307	0	0.444237322				
963	0.835567242	0	0.444237322				
964	0.86213714	0	0.444237322				
965	0.911748358	0	0.444237322				
966	0.87668916	0	0.444237322				
967	0.860805872	0	0.444237322				
968	0.841265594	0	0.444237322				
969	0.900261012	0	0.444237322				
970	0.915988401	0	0.444237322				
971	0.924735655	0	0.444237322				
972	0.904208919	0	0.444237322				
973	0.872054348	0	0.444237322				
974	0.889602462	0	0.444237322				
975	0.874039002	0	0.444237322				
976	0.846906263	0	0.444237322				
977	0.869581308	0	0.444237322				
978	0.87320756	0	0.444237322				
979	0.888991771	0	0.444237322				
980	0.868429703	0	0.444237322				
981	0.895752621	0	0.444237322				
982	0.98705578	0	0.444237322				
983	1.014836333	0	0.444237322				
984	0.973935034	0	0.444237322				
985	1.125594651	0.040025254	0.444237322				
986	1.141673021	0.096128876	0.444237322				
987	1.164727315	0.175286794	0.444237322				
988	1.149654877	0.239372273	0.444237322				
989	1.119549533	0.273352408	0.444237322				
990	1.101083532	0.288866543	0.444237322				
991	1.041744946	0.245042091	0.444237322				
992	1.029746869	0.189219562	0.444237322				
993	1.035066894	0.138717059	0.444237322				
994	1.029592126	0.082739787	0.444237322				
995	1.019958619	0.017129008	0.444237322				
996	1.009481573	0	0.444237322				
997	1.024727891	0	0.444237322				
998	1.044203337	0	0.444237322				
999	1.058261451	0	0.444237322				
1000	1.095550605	0.009981207	0.444237322				
1001	1.101763716	0.026175526	0.444237322				
1002	1.119379384	0.059985512	0.444237322				
1003	1.111648045	0.086064159	0.444237322				
1004	1.113645658	0.114140419	0.444237322				
1005	1.10244719	0.131018211	0.444237322				
1006	1.072570263	0.118019077	0.444237322				
1007	1.058149724	0.090599402	0.444237322				
1008	1.047003902	0.052033906	0.444237322				
1009	1.020541892	0	0.444237322				
1010	1.058382656	0	0.444237322				
1011	1.078096344	0	0.444237322				
1012	1.113204474	0.027635077	0.444237322				
1013	1.105444283	0.047509962	0.444237322				
1014	1.094812402	0.056752966	0.444237322				
1015	1.055251719	0.026435287	0.444237322				
1016	1.011958145	0	0.444237322				
1017	0.986332708	0	0.444237322				
1018	0.999601089	0	0.444237322				
1019	1.022647048	0	0.444237322				
1020	1.056507803	0	0.444237322				
1021	1.041144314	0	0.444237322				
1022	1.027896408	0	0.444237322				
1023	1.023064386	0	0.444237322				
1024	0.99494463	0	0.444237322				
1025	0.957813601	0	0.444237322				
1026	0.986320642	0	0.444237322				
1027	0.99015074	0	0.444237322				
1028	1.010126806	0	0.444237322				
1029	1.045125033	0	0.444237322				
1030	1.045388597	0	0.444237322				
1031	1.069642266	0	0.444237322				
1032	1.099797818	0.01422842	0.444237322				
1033	1.107733239	0.036392261	0.444237322				
1034	1.103959883	0.054782747	0.444237322				
1035	1.067827647	0.037040996	0.444237322				
1036	1.029459653	0	0.444237322				
1037	1.019448288	0	0.444237322				
1038	1.014362784	0	0.444237322				
1039	1.010032561	0	0.444237322				
1040	0.987721896	0	0.444237322				
1041	1.019744569	0	0.444237322				
1042	1.037589009	0	0.444237322				
1043	1.048746603	0	0.444237322				
1044	1.063670544	0	0.444237322				
1045	1.070482535	0	0.444237322				
1046	1.063420401	0	0.444237322				
1047	1.031912073	0	0.444237322				
1048	0.988890884	0	0.444237322				
1049	0.987730536	0	0.444237322				
1050	1.019196201	0	0.444237322				
1051	1.027760292	0	0.444237322				
1052	0.97959411	0	0.444237322				
1053	1.013849519	0	0.444237322				
1054	1.012825678	0	0.444237322				
1055	1.074205894	0	0.444237322				
1056	1.06490361	0	0.444237322				
1057	1.061257885	0	0.444237322				
1058	1.04756038	0	0.444237322				
1059	1.015027625	0	0.444237322				
1060	1.008412052	0	0.444237322				
1061	0.996307641	0	0.444237322				
1062	0.988578184	0	0.444237322				
1063	0.999159138	0	0.444237322				
1064	0.971652076	0	0.444237322				
1065	0.97691865	0	0.444237322				
1066	0.972101064	0	0.444237322				
1067	0.960163165	0	0.444237322				
1068	0.932728315	0	0.444237322				
1069	0.983336891	0	0.444237322				
1070	0.94605782	0	0.444237322				
1071	0.952217504	0	0.444237322				
1072	0.974269506	0	0.444237322				
1073	0.964607508	0	0.444237322				
1074	0.976371547	0	0.444237322				
1075	0.916999971	0	0.444237322				
1076	0.914600903	0	0.444237322				
1077	0.899246874	0	0.444237322				
1078	0.875754028	0	0.444237322				
1079	0.888406088	0	0.444237322				
1080	0.908192301	0	0.444237322				
1081	0.892578875	0	0.444237322				
1082	0.821680227	0	0.444237322				
1083	0.783476739	0	0.444237322				
1084	0.774471632	0	0.444237322				
1085	0.765517035	0	0.444237322				
1086	0.819492841	0	0.444237322				
1087	0.864724617	0	0.444237322				
1088	0.89175615	0	0.444237322				
1089	0.852019708	0	0.444237322				
1090	0.851820489	0	0.444237322				
1091	0.839143618	0	0.444237322				
1092	0.912050008	0	0.444237322				
1093	0.927558108	0	0.444237322				
1094	0.922056483	0	0.444237322				
1095	0.894008402	0	0.444237322				
1096	0.882675802	0	0.444237322				
1097	0.89510249	0	0.444237322				
1098	0.879281111	0	0.444237322				
1099	0.846981943	0	0.444237322				
1100	0.872435507	0	0.444237322				
1101	0.885505835	0	0.444237322				
1102	0.892705322	0	0.444237322				
1103	0.878506385	0	0.444237322				
1104	0.886752131	0	0.444237322				
1105	0.954660336	0	0.444237322				
1106	1.004233037	0	0.444237322				
1107	0.988456428	0	0.444237322				
1108	1.12232823	0.036758832	0.444237322				
1109	1.13170605	0.082895485	0.444237322				
1110	1.147530746	0.144856833	0.444237322				
1111	1.146284264	0.205571699	0.444237322				
1112	1.132440592	0.252442893	0.444237322				
1113	1.090782558	0.257656053	0.444237322				
1114	1.033528596	0.205615251	0.444237322				
1115	1.060080024	0.180125877	0.444237322				
1116	1.047543348	0.142099828	0.444237322				
1117	1.006763187	0.063293617	0.444237322				
1118	1.026447509	0.004171728	0.444237322				
1119	1.021475978	0	0.444237322				
1120	1.021046886	0	0.444237322				
1121	1.046334239	0	0.444237322				
1122	1.048331095	0	0.444237322				
1123	1.086387794	0.000818397	0.444237322				
1124	1.107522222	0.022771221	0.444237322				
1125	1.120497316	0.057699139	0.444237322				
1126	1.111095493	0.083225234	0.444237322				
1127	1.113031469	0.110687306	0.444237322				
1128	1.107114363	0.132232271	0.444237322				
1129	1.082856376	0.129519249	0.444237322				
1130	1.06492788	0.108877731	0.444237322				
1131	1.049431884	0.072740218	0.444237322				
1132	1.031507695	0.018678515	0.444237322				
1133	1.059359046	0	0.444237322				
1134	1.069452195	0	0.444237322				
1135	1.097137198	0.0115678	0.444237322				
1136	1.082010331	0.008008733	0.444237322				
1137	1.073668709	0	0.444237322				
1138	1.07169111	0	0.444237322				
1139	1.021550312	0	0.444237322				
1140	1.004717719	0	0.444237322				
1141	1.008499672	0	0.444237322				
1142	1.028342898	0	0.444237322				
1143	1.044075712	0	0.444237322				
1144	1.034638382	0	0.444237322				
1145	1.012571823	0	0.444237322				
1146	1.023509315	0	0.444237322				
1147	1.00825875	0	0.444237322				
1148	0.965418469	0	0.444237322				
1149	0.992895906	0	0.444237322				
1150	0.994192493	0	0.444237322				
1151	1.002600676	0	0.444237322				
1152	1.044659264	0	0.444237322				
1153	1.049952019	0	0.444237322				
1154	1.058828865	0	0.444237322				
1155	1.091716985	0.006147587	0.444237322				
1156	1.102974005	0.023552194	0.444237322				
1157	1.100377224	0.038360021	0.444237322				
1158	1.081227505	0.034018128	0.444237322				
1159	1.046604682	0	0.444237322				
1160	1.025563849	0	0.444237322				
1161	1.003535816	0	0.444237322				
1162	1.001889748	0	0.444237322				
1163	0.986864583	0	0.444237322				
1164	1.012601518	0	0.444237322				
1165	1.036173044	0	0.444237322				
1166	1.04587066	0	0.444237322				
1167	1.056818395	0	0.444237322				
1168	1.066437292	0	0.444237322				
1169	1.063377225	0	0.444237322				
1170	1.038361556	0	0.444237322				
1171	1.006966061	0	0.444237322				
1172	0.992328631	0	0.444237322				
1173	1.009321219	0	0.444237322				
1174	1.011701064	0	0.444237322				
1175	0.983539308	0	0.444237322				
1176	1.013286758	0	0.444237322				
1177	1.017856247	0	0.444237322				
1178	1.065617677	0	0.444237322				
1179	1.058353809	0	0.444237322				
1180	1.059546611	0	0.444237322				
1181	1.054887029	0	0.444237322				
1182	1.02913851	0	0.444237322				
1183	1.015007211	0	0.444237322				
1184	1.00816239	0	0.444237322				
1185	0.987677537	0	0.444237322				
1186	0.991779762	0	0.444237322				
1187	0.979218963	0	0.444237322				
1188	0.983239899	0	0.444237322				
1189	0.975470862	0	0.444237322				
1190	0.963894562	0	0.444237322				
1191	0.930894006	0	0.444237322				
1192	0.974093897	0	0.444237322				
1193	0.952537903	0	0.444237322				
1194	0.946474531	0	0.444237322				
1195	0.946888254	0	0.444237322				
1196	0.978242009	0	0.444237322				
1197	0.976679559	0	0.444237322				
1198	0.929028716	0	0.444237322				
1199	0.912731286	0	0.444237322				
1200	0.903997257	0	0.444237322				
1201	0.886611444	0	0.444237322				
1202	0.885452049	0	0.444237322				
1203	0.907393709	0	0.444237322				
1204	0.886518116	0	0.444237322				
1205	0.813514932	0	0.444237322				
1206	0.788282231	0	0.444237322				
1207	0.780336659	0	0.444237322				
1208	0.762849196	0	0.444237322				
1209	0.823056766	0	0.444237322				
1210	0.867800925	0	0.444237322				
1211	0.867786361	0	0.444237322				
1212	0.858298069	0	0.444237322				
1213	0.85650653	0	0.444237322				
1214	0.845714595	0	0.444237322				
1215	0.891257968	0	0.444237322				
1216	0.913458188	0	0.444237322				
1217	0.932575822	0	0.444237322				
1218	0.908013165	0	0.444237322				
1219	0.890150959	0	0.444237322				
1220	0.888437756	0	0.444237322				
1221	0.84692535	0	0.444237322				
1222	0.849153935	0	0.444237322				
1223	0.826101666	0	0.444237322				
1224	0.856879103	0	0.444237322				
1225	0.902610069	0	0.444237322				
1226	0.89091329	0	0.444237322				
1227	0.886748062	0	0.444237322				
1228	0.946252666	0	0.444237322				
1229	1.006030156	0	0.444237322				
1230	0.995343509	0	0.444237322				
1231	1.16117964	0.075610242	0.444237322				
1232	1.144035914	0.134076758	0.444237322				
1233	1.148897189	0.197404549	0.444237322				
1234	1.141861705	0.253696857	0.444237322				
1235	1.131055193	0.299182652	0.444237322				
1236	1.0747057	0.288318955	0.444237322				
1237	1.036649183	0.23939874	0.444237322				
1238	1.061149705	0.214979047	0.444237322				
1239	1.055785367	0.185195016	0.444237322				
1240	1.018014715	0.117640333	0.444237322				
1241	1.041252392	0.073323328	0.444237322				
1242	1.030329376	0.018083306	0.444237322				
1243	1.024459712	0	0.444237322				
1244	1.042311662	0	0.444237322				
1245	1.046393877	0	0.444237322				
1246	1.077512655	0	0.444237322				
1247	1.104655532	0.019086135	0.444237322				
1248	1.116679111	0.050195848	0.444237322				
1249	1.118954917	0.083581368	0.444237322				
1250	1.10820905	0.10622102	0.444237322				
1251	1.106537355	0.127188978	0.444237322				
1252	1.082748357	0.124367937	0.444237322				
1253	1.056007229	0.094805768	0.444237322				
1254	1.051834288	0.061070658	0.444237322				
1255	1.038550301	0.014051562	0.444237322				
1256	1.068369509	0	0.444237322				
1257	1.075488239	0	0.444237322				
1258	1.09602235	0.010452952	0.444237322				
1259	1.072615574	0	0.444237322				
1260	1.071860524	0	0.444237322				
1261	1.078659351	0	0.444237322				
1262	1.036396336	0	0.444237322				
1263	1.01361257	0	0.444237322				
1264	1.015423824	0	0.444237322				
1265	1.029024408	0	0.444237322				
1266	1.036514288	0	0.444237322				
1267	1.017248731	0	0.444237322				
1268	1.028636869	0	0.444237322				
1269	1.025061326	0	0.444237322				
1270	1.009799949	0	0.444237322				
1271	0.976761798	0	0.444237322				
1272	0.97321115	0	0.444237322				
1273	0.976519224	0	0.444237322				
1274	0.986244117	0	0.444237322				
1275	1.044751562	0	0.444237322				
1276	1.046350615	0	0.444237322				
1277	1.063169749	0	0.444237322				
1278	1.078543521	0	0.444237322				
1279	1.100827664	0.015258266	0.444237322				
1280	1.100120142	0.02980901	0.444237322				
1281	1.097426547	0.041666159	0.444237322				
1282	1.054786507	0.010883268	0.444237322				
1283	1.025755859	0	0.444237322				
1284	1.005768576	0	0.444237322				
1285	0.993199944	0	0.444237322				
1286	0.991616729	0	0.444237322				
1287	1.016328935	0	0.444237322				
1288	1.032637672	0	0.444237322				
1289	1.047399351	0	0.444237322				
1290	1.055114361	0	0.444237322				
1291	1.058747578	0	0.444237322				
1292	1.039672871	0	0.444237322				
1293	1.047688724	0	0.444237322				
1294	1.019188961	0	0.444237322				
1295	0.997438175	0	0.444237322				
1296	1.014998483	0	0.444237322				
1297	1.000939008	0	0.444237322				
1298	0.990211919	0	0.444237322				
1299	0.99660733	0	0.444237322				
1300	1.018302243	0	0.444237322				
1301	1.0555539	0	0.444237322				
1302	1.061320276	0	0.444237322				
1303	1.057810731	0	0.444237322				
1304	1.049896178	0	0.444237322				
1305	0.998139581	0	0.444237322				
1306	1.034125585	0	0.444237322				
1307	1.021740115	0	0.444237322				
1308	0.999303635	0	0.444237322				
1309	1.000185301	0	0.444237322				
1310	0.984927976	0	0.444237322				
1311	0.969435602	0	0.444237322				
1312	0.955551716	0	0.444237322				
1313	0.964163249	0	0.444237322				
1314	0.954714737	0	0.444237322				
1315	0.983718302	0	0.444237322				
1316	0.955838295	0	0.444237322				
1317	0.926364988	0	0.444237322				
1318	0.946807828	0	0.444237322				
1319	0.97416153	0	0.444237322				
1320	0.9805576	0	0.444237322				
1321	0.911650295	0	0.444237322				
1322	0.922624726	0	0.444237322				
1323	0.928193069	0	0.444237322				
1324	0.894419189	0	0.444237322				
1325	0.890874934	0	0.444237322				
1326	0.909417233	0	0.444237322				
1327	0.895872805	0	0.444237322				
1328	0.810332987	0	0.444237322				
1329	0.783391364	0	0.444237322				
1330	0.780153647	0	0.444237322				
1331	0.780896626	0	0.444237322				
1332	0.819373949	0	0.444237322				
1333	0.856667792	0	0.444237322				
1334	0.841510982	0	0.444237322				
1335	0.825252576	0	0.444237322				
1336	0.863060338	0	0.444237322				
1337	0.852894862	0	0.444237322				
1338	0.851687592	0	0.444237322				
1339	0.927950316	0	0.444237322				
1340	0.949663579	0	0.444237322				
1341	0.916741089	0	0.444237322				
1342	0.879029573	0	0.444237322				
1343	0.88455109	0	0.444237322				
1344	0.856465206	0	0.444237322				
1345	0.801732933	0	0.444237322				
1346	0.821952811	0	0.444237322				
1347	0.845406863	0	0.444237322				
1348	0.910727609	0	0.444237322				
1349	0.907779644	0	0.444237322				
1350	0.885255337	0	0.444237322				
1351	0.959098847	0	0.444237322				
1352	1.001163516	0	0.444237322				
1353	0.980890915	0	0.444237322				
1354	1.197667161	0.112097763	0.444237322				
1355	1.134212716	0.160741082	0.444237322				
1356	1.13543164	0.210603324	0.444237322				
1357	1.14954577	0.274579696	0.444237322				
1358	1.141541739	0.330552037	0.444237322				
1359	1.087263498	0.332246138	0.444237322				
1360	1.036186698	0.282863438	0.444237322				
1361	1.055793926	0.253087966	0.444237322				
1362	1.07277156	0.240290129	0.444237322				
1363	1.024558873	0.179279603	0.444237322				
1364	1.03631942	0.130029626	0.444237322				
1365	1.035739519	0.080199747	0.444237322				
1366	1.025244126	0.019874475	0.444237322				
1367	1.033707274	0	0.444237322				
1368	1.034240471	0	0.444237322				
1369	1.079621115	0	0.444237322				
1370	1.107648767	0.022079369	0.444237322				
1371	1.115308816	0.051818787	0.444237322				
1372	1.115326911	0.081576301	0.444237322				
1373	1.103763848	0.099770751	0.444237322				
1374	1.105213958	0.119415311	0.444237322				
1375	1.067883528	0.101729442	0.444237322				
1376	1.064158586	0.08031863	0.444237322				
1377	1.068591773	0.063341005	0.444237322				
1378	1.047437305	0.025208912	0.444237322				
1379	1.065494253	0.005133768	0.444237322				
1380	1.08050844	7.28097E-05	0.444237322				
1381	1.091065159	0.005568571	0.444237322				
1382	1.070528271	0	0.444237322				
1383	1.083661825	0	0.444237322				
1384	1.076742879	0	0.444237322				
1385	1.04901606	0	0.444237322				
1386	1.022889371	0	0.444237322				
1387	1.023063385	0	0.444237322				
1388	1.035804457	0	0.444237322				
1389	1.035279311	0	0.444237322				
1390	1.025124311	0	0.444237322				
1391	1.029246056	0	0.444237322				
1392	1.030351352	0	0.444237322				
1393	1.021084427	0	0.444237322				
1394	0.987564258	0	0.444237322				
1395	0.971983158	0	0.444237322				
1396	0.953609848	0	0.444237322				
1397	0.996893021	0	0.444237322				
1398	1.034166303	0	0.444237322				
1399	1.048498412	0	0.444237322				
1400	1.058265635	0	0.444237322				
1401	1.073419457	0	0.444237322				
1402	1.084739962	0	0.444237322				
1403	1.08927548	0.003706082	0.444237322				
1404	1.096270578	0.014407262	0.444237322				
1405	1.069744572	0	0.444237322				
1406	1.047428415	0	0.444237322				
1407	1.005317977	0	0.444237322				
1408	0.989193594	0	0.444237322				
1409	0.988241919	0	0.444237322				
1410	1.005175197	0	0.444237322				
1411	1.015147236	0	0.444237322				
1412	1.037442638	0	0.444237322				
1413	1.05216837	0	0.444237322				
1414	1.056877102	0	0.444237322				
1415	1.035483533	0	0.444237322				
1416	1.039235118	0	0.444237322				
1417	1.019387654	0	0.444237322				
1418	1.014019392	0	0.444237322				
1419	1.024642479	0	0.444237322				
1420	1.002783359	0	0.444237322				
1421	0.983608819	0	0.444237322				
1422	0.995182725	0	0.444237322				
1423	1.018071036	0	0.444237322				
1424	1.050031905	0	0.444237322				
1425	1.058010006	0	0.444237322				
1426	1.0573025	0	0.444237322				
1427	1.043828826	0	0.444237322				
1428	1.004032537	0	0.444237322				
1429	1.018250357	0	0.444237322				
1430	1.020923868	0	0.444237322				
1431	0.987720896	0	0.444237322				
1432	1.001005757	0	0.444237322				
1433	0.99100091	0	0.444237322				
1434	0.982337223	0	0.444237322				
1435	0.96072563	0	0.444237322				
1436	0.956705	0	0.444237322				
1437	0.973108383	0	0.444237322				
1438	0.977312912	0	0.444237322				
1439	0.972949306	0	0.444237322				
1440	0.934165421	0	0.444237322				
1441	0.938519581	0	0.444237322				
1442	0.967511467	0	0.444237322				
1443	0.976673364	0	0.444237322				
1444	0.914975134	0	0.444237322				
1445	0.916762361	0	0.444237322				
1446	0.927230933	0	0.444237322				
1447	0.905521913	0	0.444237322				
1448	0.884028757	0	0.444237322				
1449	0.91011049	0	0.444237322				
1450	0.901249213	0	0.444237322				
1451	0.830881445	0	0.444237322				
1452	0.798078409	0	0.444237322				
1453	0.786243662	0	0.444237322				
1454	0.779058672	0	0.444237322				
1455	0.810369836	0	0.444237322				
1456	0.809998866	0	0.444237322				
1457	0.839045882	0	0.444237322				
1458	0.832387188	0	0.444237322				
1459	0.867269573	0	0.444237322				
1460	0.856568782	0	0.444237322				
1461	0.848706123	0	0.444237322				
1462	0.924829094	0	0.444237322				
1463	0.931213704	0	0.444237322				
1464	0.914142288	0	0.444237322				
1465	0.883358659	0	0.444237322				
1466	0.892244381	0	0.444237322				
1467	0.850706017	0	0.444237322				
1468	0.829793484	0	0.444237322				
1469	0.772498732	0	0.444237322				
1470	0.825730582	0	0.444237322				
1471	0.909052305	0	0.444237322				
1472	0.904960676	0	0.444237322				
1473	0.896865736	0	0.444237322				
1474	0.922786666	0	0.444237322				
1475	0.993536523	0	0.444237322				
1476	0.994010809	0	0.444237322				
1477	1.19874174	0.113172342	0.444237322				
1478	1.15281358	0.180416524	0.444237322				
1479	1.152618912	0.247466038	0.444237322				
1480	1.150433184	0.312329825	0.444237322				
1481	1.138192768	0.364953195	0.444237322				
1482	1.081077112	0.360460909	0.444237322				
1483	1.059308041	0.334199553	0.444237322				
1484	1.065305807	0.313935962	0.444237322				
1485	1.070330667	0.298697231	0.444237322				
1486	1.028650072	0.241777905	0.444237322				
1487	1.040327449	0.196535957	0.444237322				
1488	1.046811982	0.157778541	0.444237322				
1489	1.012198437	0.084407581	0.444237322				
1490	1.034397169	0.033235352	0.444237322				
1491	1.036836246	0	0.444237322				
1492	1.070938844	0	0.444237322				
1493	1.095658848	0.01008945	0.444237322				
1494	1.114338545	0.038858597	0.444237322				
1495	1.117538211	0.07082741	0.444237322				
1496	1.114412456	0.099670468	0.444237322				
1497	1.111339777	0.125440847	0.444237322				
1498	1.070623531	0.110494981	0.444237322				
1499	1.053504724	0.078430307	0.444237322				
1500	1.066140562	0.059001472	0.444237322				
1501	1.053360013	0.026792087	0.444237322				
1502	1.058893171	0.00011586	0.444237322				
1503	1.082463056	0	0.444237322				
1504	1.097055145	0.011485747	0.444237322				
1505	1.074571728	0.000488078	0.444237322				
1506	1.077466329	0	0.444237322				
1507	1.070785635	0	0.444237322				
1508	1.054987866	0	0.444237322				
1509	1.03742498	0	0.444237322				
1510	1.02612493	0	0.444237322				
1511	1.034306783	0	0.444237322				
1512	1.037192366	0	0.444237322				
1513	1.032527968	0	0.444237322				
1514	1.021814566	0	0.444237322				
1515	1.017433665	0	0.444237322				
1516	1.015616254	0	0.444237322				
1517	0.992431522	0	0.444237322				
1518	0.983968407	0	0.444237322				
1519	0.945275987	0	0.444237322				
1520	0.984259078	0	0.444237322				
1521	1.029077623	0	0.444237322				
1522	1.051214058	0	0.444237322				
1523	1.054702691	0	0.444237322				
1524	1.066228023	0	0.444237322				
1525	1.082257773	0	0.444237322				
1526	1.097691517	0.012122119	0.444237322				
1527	1.097996343	0.024549064	0.444237322				
1528	1.063075621	0.002055287	0.444237322				
1529	1.041693447	0	0.444237322				
1530	1.001345916	0	0.444237322				
1531	1.003755341	0	0.444237322				
1532	0.981033969	0	0.444237322				
1533	1.011840548	0	0.444237322				
1534	1.007766229	0	0.444237322				
1535	1.045501512	0	0.444237322				
1536	1.059651012	0	0.444237322				
1537	1.058724937	0	0.444237322				
1538	1.038151559	0	0.444237322				
1539	1.021324869	0	0.444237322				
1540	1.026975926	0	0.444237322				
1541	1.012942628	0	0.444237322				
1542	1.027101928	0	0.444237322				
1543	1.015377899	0	0.444237322				
1544	0.989830642	0	0.444237322				
1545	0.99983732	0	0.444237322				
1546	1.017416287	0	0.444237322				
1547	1.0380112	0	0.444237322				
1548	1.049157457	0	0.444237322				
1549	1.043606811	0	0.444237322				
1550	1.051680914	0	0.444237322				
1551	1.012558711	0	0.444237322				
1552	1.023387196	0	0.444237322				
1553	0.999074058	0	0.444237322				
1554	0.988989819	0	0.444237322				
1555	0.967224251	0	0.444237322				
1556	1.015362415	0	0.444237322				
1557	0.990523394	0	0.444237322				
1558	0.96318408	0	0.444237322				
1559	0.948057262	0	0.444237322				
1560	0.989165878	0	0.444237322				
1561	0.977535874	0	0.444237322				
1562	0.96374811	0	0.444237322				
1563	0.948355286	0	0.444237322				
1564	0.938098229	0	0.444237322				
1565	0.953382203	0	0.444237322				
1566	0.991688497	0	0.444237322				
1567	0.932480554	0	0.444237322				
1568	0.922891775	0	0.444237322				
1569	0.897807357	0	0.444237322				
1570	0.89879349	0	0.444237322				
1571	0.900170209	0	0.444237322				
1572	0.917731486	0	0.444237322				
1573	0.905915829	0	0.444237322				
1574	0.844367938	0	0.444237322				
1575	0.809520441	0	0.444237322				
1576	0.771416158	0	0.444237322				
1577	0.781540654	0	0.444237322				
1578	0.809136175	0	0.444237322				
1579	0.811796256	0	0.444237322				
1580	0.831286378	0	0.444237322				
1581	0.830843172	0	0.444237322				
1582	0.866155662	0	0.444237322				
1583	0.860589958	0	0.444237322				
1584	0.856128922	0	0.444237322				
1585	0.87433774	0	0.444237322				
1586	0.903504347	0	0.444237322				
1587	0.901230098	0	0.444237322				
1588	0.887708963	0	0.444237322				
1589	0.908072843	0	0.444237322				
1590	0.854636363	0	0.444237322				
1591	0.81948775	0	0.444237322				
1592	0.757952476	0	0.444237322				
1593	0.845158726	0	0.444237322				
1594	0.907049579	0	0.444237322				
1595	0.872176616	0	0.444237322				
1596	0.853877503	0	0.444237322				
1597	0.931647438	0	0.444237322				
1598	1.001848928	0	0.444237322				
1599	1.003280858	0	0.444237322				
1600	1.24238824	0.156818843	0.444237322				
1601	1.164512587	0.235762032	0.444237322				
1602	1.154365454	0.304558088	0.444237322				
1603	1.15687501	0.375863701	0.444237322				
1604	1.112222869	0.402517172	0.444237322				
1605	1.101858992	0.418806766	0.444237322				
1606	1.068777609	0.402014978	0.444237322				
1607	1.057007556	0.373453136	0.444237322				
1608	1.071500093	0.359383832	0.444237322				
1609	1.03756729	0.311381724	0.444237322				
1610	1.046359204	0.272171531	0.444237322				
1611	1.057613309	0.244215442	0.444237322				
1612	1.008642179	0.167288224	0.444237322				
1613	1.040805515	0.122524341	0.444237322				
1614	1.038750329	0.075705272	0.444237322				
1615	1.066951892	0.057087766	0.444237322				
1616	1.083692866	0.055211234	0.444237322				
1617	1.089041567	0.058683403	0.444237322				
1618	1.101198277	0.074312282	0.444237322				
1619	1.114578215	0.1033211	0.444237322				
1620	1.123028819	0.140780521	0.444237322				
1621	1.077905903	0.133117027	0.444237322				
1622	1.067357419	0.114905048	0.444237322				
1623	1.071265398	0.100601049	0.444237322				
1624	1.062818138	0.077849789	0.444237322				
1625	1.066139708	0.058420099	0.444237322				
1626	1.075291535	0.048142236	0.444237322				
1627	1.088641954	0.051214792	0.444237322				
1628	1.065736257	0.031381652	0.444237322				
1629	1.065342728	0.011154982	0.444237322				
1630	1.075603798	0.001189382	0.444237322				
1631	1.070052519	0	0.444237322				
1632	1.031468419	0	0.444237322				
1633	1.043402306	0	0.444237322				
1634	1.043780505	0	0.444237322				
1635	1.040156927	0	0.444237322				
1636	1.027464208	0	0.444237322				
1637	1.02687123	0	0.444237322				
1638	1.022556822	0	0.444237322				
1639	1.020209251	0	0.444237322				
1640	0.998889252	0	0.444237322				
1641	0.992468346	0	0.444237322				
1642	0.936581464	0	0.444237322				
1643	0.981851632	0	0.444237322				
1644	1.018509355	0	0.444237322				
1645	1.042394028	0	0.444237322				
1646	1.045622386	0	0.444237322				
1647	1.057741943	0	0.444237322				
1648	1.078191871	0	0.444237322				
1649	1.098043862	0.012474464	0.444237322				
1650	1.092914671	0.019819738	0.444237322				
1651	1.068375249	0.002625589	0.444237322				
1652	1.040535005	0	0.444237322				
1653	0.999114705	0	0.444237322				
1654	1.014888881	0	0.444237322				
1655	0.992096405	0	0.444237322				
1656	1.016736641	0	0.444237322				
1657	0.993315834	0	0.444237322				
1658	1.008983571	0	0.444237322				
1659	1.072410417	0	0.444237322				
1660	1.044836568	0	0.444237322				
1661	1.037204976	0	0.444237322				
1662	1.001500787	0	0.444237322				
1663	1.038214235	0	0.444237322				
1664	1.02264992	0	0.444237322				
1665	1.038340571	0	0.444237322				
1666	1.021955887	0	0.444237322				
1667	1.002338124	0	0.444237322				
1668	1.000001718	0	0.444237322				
1669	1.02123255	0	0.444237322				
1670	1.027485368	0	0.444237322				
1671	1.031932469	0	0.444237322				
1672	1.023940488	0	0.444237322				
1673	1.05923936	0	0.444237322				
1674	1.020651258	0	0.444237322				
1675	1.029449519	0	0.444237322				
1676	0.998552669	0	0.444237322				
1677	0.998537372	0	0.444237322				
1678	0.951619226	0	0.444237322				
1679	1.018196298	0	0.444237322				
1680	0.980523687	0	0.444237322				
1681	0.983023346	0	0.444237322				
1682	0.953482229	0	0.444237322				
1683	0.995189935	0	0.444237322				
1684	0.979751252	0	0.444237322				
1685	0.972184438	0	0.444237322				
1686	0.959193308	0	0.444237322				
1687	0.939693192	0	0.444237322				
1688	0.938598634	0	0.444237322				
1689	0.985244915	0	0.444237322				
1690	0.914305792	0	0.444237322				
1691	0.923247782	0	0.444237322				
1692	0.908037946	0	0.444237322				
1693	0.899944219	0	0.444237322				
1694	0.902811528	0	0.444237322				
1695	0.909910268	0	0.444237322				
1696	0.871317182	0	0.444237322				
1697	0.867615834	0	0.444237322				
1698	0.84202253	0	0.444237322				
1699	0.792152771	0	0.444237322				
1700	0.796874812	0	0.444237322				
1701	0.785414375	0	0.444237322				
1702	0.808729659	0	0.444237322				
1703	0.798598623	0	0.444237322				
1704	0.835596121	0	0.444237322				
1705	0.841925603	0	0.444237322				
1706	0.837954037	0	0.444237322				
1707	0.848305595	0	0.444237322				
1708	0.833878116	0	0.444237322				
1709	0.895016067	0	0.444237322				
1710	0.917774231	0	0.444237322				
1711	0.916108953	0	0.444237322				
1712	0.922501355	0	0.444237322				
1713	0.877510959	0	0.444237322				
1714	0.830007481	0	0.444237322				
1715	0.767143984	0	0.444237322				
1716	0.818831699	0	0.444237322				
1717	0.882332446	0	0.444237322				
1718	0.855363856	0	0.444237322				
1719	0.880774561	0	0.444237322				
1720	0.93614239	0	0.444237322				
1721	0.960928219	0	0.444237322				
1722	0.996179744	0	0.444237322				
1723	1.243736096	0.158166698	0.444237322				
1724	1.172178874	0.244776175	0.444237322				
1725	1.156456959	0.315663736	0.444237322				
1726	1.162886923	0.392981261	0.444237322				
1727	1.131393945	0.438805808	0.444237322				
1728	1.113617033	0.466853444	0.444237322				
1729	1.091739181	0.473023227	0.444237322				
1730	1.074631178	0.462085008	0.444237322				
1731	1.072800891	0.449316501	0.444237322				
1732	1.031022879	0.394769982	0.444237322				
1733	1.049174402	0.358374986	0.444237322				
1734	1.049058799	0.321864388	0.444237322				
1735	1.017802076	0.254097066	0.444237322				
1736	1.037535599	0.206063267	0.444237322				
1737	1.044962065	0.165455934	0.444237322				
1738	1.051095093	0.130981629	0.444237322				
1739	1.068756625	0.114168856	0.444237322				
1740	1.071332173	0.099931632	0.444237322				
1741	1.110351914	0.124714148	0.444237322				
1742	1.117822543	0.156967294	0.444237322				
1743	1.130079427	0.201477323	0.444237322				
1744	1.091955511	0.207863437	0.444237322				
1745	1.079316933	0.201610972	0.444237322				
1746	1.067921209	0.183962783	0.444237322				
1747	1.065670183	0.164063569	0.444237322				
1748	1.066535113	0.145029284	0.444237322				
1749	1.068737025	0.128196912	0.444237322				
1750	1.075792339	0.118419853	0.444237322				
1751	1.07529141	0.108141865	0.444237322				
1752	1.071350475	0.093922942	0.444237322				
1753	1.075744358	0.084097903	0.444237322				
1754	1.073603605	0.07213211	0.444237322				
1755	1.01172365	0	0.444237322				
1756	1.05298158	0	0.444237322				
1757	1.054232065	0	0.444237322				
1758	1.040205344	0	0.444237322				
1759	1.030121561	0	0.444237322				
1760	1.023340692	0	0.444237322				
1761	1.026762065	0	0.444237322				
1762	1.024555437	0	0.444237322				
1763	1.004883034	0	0.444237322				
1764	0.998224954	0	0.444237322				
1765	0.94984682	0	0.444237322				
1766	0.979520956	0	0.444237322				
1767	0.993387787	0	0.444237322				
1768	1.029763785	0	0.444237322				
1769	1.04009892	0	0.444237322				
1770	1.055523231	0	0.444237322				
1771	1.077929659	0	0.444237322				
1772	1.091271864	0.005702466	0.444237322				
1773	1.093897511	0.014030579	0.444237322				
1774	1.073796892	0.002258073	0.444237322				
1775	1.050531614	0	0.444237322				
1776	1.008904301	0	0.444237322				
1777	1.008337556	0	0.444237322				
1778	0.992060887	0	0.444237322				
1779	1.013893612	0	0.444237322				
1780	0.994787088	0	0.444237322				
1781	1.001444171	0	0.444237322				
1782	1.047564614	0	0.444237322				
1783	1.043760107	0	0.444237322				
1784	1.048281774	0	0.444237322				
1785	1.015060724	0	0.444237322				
1786	1.038067963	0	0.444237322				
1787	1.028145073	0	0.444237322				
1788	1.017203423	0	0.444237322				
1789	1.019868208	0	0.444237322				
1790	1.017444862	0	0.444237322				
1791	1.008384088	0	0.444237322				
1792	1.024603962	0	0.444237322				
1793	1.025143715	0	0.444237322				
1794	1.034749224	0	0.444237322				
1795	1.031135162	0	0.444237322				
1796	1.037575797	0	0.444237322				
1797	1.013190905	0	0.444237322				
1798	1.036862713	0	0.444237322				
1799	1.007565309	0	0.444237322				
1800	0.99729784	0	0.444237322				
1801	0.973380496	0	0.444237322				
1802	1.00787973	0	0.444237322				
1803	0.982243918	0	0.444237322				
1804	0.991845386	0	0.444237322				
1805	0.960655687	0	0.444237322				
1806	0.982361092	0	0.444237322				
1807	0.975883098	0	0.444237322				
1808	0.965482673	0	0.444237322				
1809	0.970364367	0	0.444237322				
1810	0.907676085	0	0.444237322				
1811	0.938840013	0	0.444237322				
1812	0.961982884	0	0.444237322				
1813	0.927505313	0	0.444237322				
1814	0.918884468	0	0.444237322				
1815	0.916851923	0	0.444237322				
1816	0.90251197	0	0.444237322				
1817	0.876953763	0	0.444237322				
1818	0.895375733	0	0.444237322				
1819	0.881759114	0	0.444237322				
1820	0.879778982	0	0.444237322				
1821	0.869386963	0	0.444237322				
1822	0.813371296	0	0.444237322				
1823	0.809622411	0	0.444237322				
1824	0.794333462	0	0.444237322				
1825	0.807233802	0	0.444237322				
1826	0.788015325	0	0.444237322				
1827	0.823369655	0	0.444237322				
1828	0.819482514	0	0.444237322				
1829	0.841710885	0	0.444237322				
1830	0.842953926	0	0.444237322				
1831	0.843727636	0	0.444237322				
1832	0.880910619	0	0.444237322				
1833	0.917005451	0	0.444237322				
1834	0.904057991	0	0.444237322				
1835	0.923887083	0	0.444237322				
1836	0.882521044	0	0.444237322				
1837	0.836905067	0	0.444237322				
1838	0.791830547	0	0.444237322				
1839	0.806384264	0	0.444237322				
1840	0.884052892	0	0.444237322				
1841	0.841438789	0	0.444237322				
1842	0.86484053	0	0.444237322				
1843	0.900528326	0	0.444237322				
1844	0.949968227	0	0.444237322				
1845	0.995756143	0	0.444237322				
1846	1.238959771	0.153390373	0.444237322				
1847	1.190074223	0.257895198	0.444237322				
1848	1.168787362	0.341113162	0.444237322				
1849	1.158398819	0.413942584	0.444237322				
1850	1.131043465	0.45941665	0.444237322				
1851	1.117173521	0.491020774	0.444237322				
1852	1.107357194	0.51280857	0.444237322				
1853	1.083874809	0.511113981	0.444237322				
1854	1.069386752	0.494931335	0.444237322				
1855	1.040634853	0.449996791	0.444237322				
1856	1.056030059	0.420457452	0.444237322				
1857	1.05166591	0.386553964	0.444237322				
1858	1.02953489	0.330519457	0.444237322				
1859	1.021506532	0.266456591	0.444237322				
1860	1.010970773	0.191857966	0.444237322				
1861	1.049800117	0.156088685	0.444237322				
1862	1.069740525	0.140259813	0.444237322				
1863	1.076247085	0.1309375	0.444237322				
1864	1.116636901	0.162005003	0.444237322				
1865	1.111059447	0.187495053	0.444237322				
1866	1.127495174	0.229420829	0.444237322				
1867	1.103667633	0.247519065	0.444237322				
1868	1.081438315	0.243387982	0.444237322				
1869	1.071084983	0.228903567	0.444237322				
1870	1.062447021	0.205781191	0.444237322				
1871	1.074784381	0.194996174	0.444237322				
1872	1.071387517	0.180814293	0.444237322				
1873	1.065513529	0.160758424	0.444237322				
1874	1.078841445	0.154030471	0.444237322				
1875	1.080567093	0.149028167	0.444237322				
1876	1.078304399	0.141763168	0.444237322				
1877	1.062980308	0.119174079	0.444237322				
1878	1.031501889	0.06510657	0.444237322				
1879	1.054131574	0.033668747	0.444237322				
1880	1.024932345	0	0.444237322				
1881	1.058138519	0	0.444237322				
1882	1.032009342	0	0.444237322				
1883	1.025466775	0	0.444237322				
1884	1.029150692	0	0.444237322				
1885	1.018971653	0	0.444237322				
1886	1.015828143	0	0.444237322				
1887	1.001478935	0	0.444237322				
1888	0.962859378	0	0.444237322				
1889	0.978250983	0	0.444237322				
1890	0.987783036	0	0.444237322				
1891	1.005352447	0	0.444237322				
1892	1.033267694	0	0.444237322				
1893	1.054496171	0	0.444237322				
1894	1.07765663	0	0.444237322				
1895	1.093170091	0.007600693	0.444237322				
1896	1.08680372	0.008835015	0.444237322				
1897	1.077705224	0.000970841	0.444237322				
1898	1.065786146	0	0.444237322				
1899	1.009590808	0	0.444237322				
1900	1.010996122	0	0.444237322				
1901	1.000785857	0	0.444237322				
1902	1.021335796	0	0.444237322				
1903	0.992923583	0	0.444237322				
1904	0.999346727	0	0.444237322				
1905	1.032121861	0	0.444237322				
1906	1.031443285	0	0.444237322				
1907	1.047428161	0	0.444237322				
1908	1.028273405	0	0.444237322				
1909	1.040536344	0	0.444237322				
1910	1.028891238	0	0.444237322				
1911	0.982680495	0	0.444237322				
1912	1.000223873	0	0.444237322				
1913	1.001962609	0	0.444237322				
1914	0.986595382	0	0.444237322				
1915	1.024718103	0	0.444237322				
1916	1.047040036	0	0.444237322				
1917	1.048683465	0	0.444237322				
1918	1.042079368	0	0.444237322				
1919	1.042850026	0	0.444237322				
1920	1.024892751	0	0.444237322				
1921	1.043504922	0	0.444237322				
1922	1.001828342	0	0.444237322				
1923	0.959580466	0	0.444237322				
1924	0.982702346	0	0.444237322				
1925	0.998741577	0	0.444237322				
1926	0.984140528	0	0.444237322				
1927	1.003505822	0	0.444237322				
1928	0.980584901	0	0.444237322				
1929	0.970444967	0	0.444237322				
1930	0.980203272	0	0.444237322				
1931	0.966817847	0	0.444237322				
1932	0.984042858	0	0.444237322				
1933	0.920643623	0	0.444237322				
1934	0.932606302	0	0.444237322				
1935	0.942131832	0	0.444237322				
1936	0.938998983	0	0.444237322				
1937	0.910688014	0	0.444237322				
1938	0.878484473	0	0.444237322				
1939	0.899136593	0	0.444237322				
1940	0.898569241	0	0.444237322				
1941	0.911540553	0	0.444237322				
1942	0.897117915	0	0.444237322				
1943	0.881423557	0	0.444237322				
1944	0.867626418	0	0.444237322				
1945	0.82184538	0	0.444237322				
1946	0.799980447	0	0.444237322				
1947	0.784340831	0	0.444237322				
1948	0.792904234	0	0.444237322				
1949	0.805456418	0	0.444237322				
1950	0.824927037	0	0.444237322				
1951	0.827632894	0	0.444237322				
1952	0.846849709	0	0.444237322				
1953	0.853145627	0	0.444237322				
1954	0.849449334	0	0.444237322				
1955	0.863910222	0	0.444237322				
1956	0.867310588	0	0.444237322				
1957	0.862326822	0	0.444237322				
1958	0.915485346	0	0.444237322				
1959	0.901712833	0	0.444237322				
1960	0.85766572	0	0.444237322				
1961	0.814754284	0	0.444237322				
1962	0.818592529	0	0.444237322				
1963	0.874439543	0	0.444237322				
1964	0.851066013	0	0.444237322				
1965	0.851688145	0	0.444237322				
1966	0.843473064	0	0.444237322				
1967	0.921378154	0	0.444237322				
1968	0.987498003	0	0.444237322				
1969	1.300412379	0.214842981	0.444237322				
1970	1.191310808	0.320584391	0.444237322				
1971	1.188701832	0.423716825	0.444237322				
1972	1.165438562	0.50358599	0.444237322				
1973	1.143960306	0.561976898	0.444237322				
1974	1.120120927	0.596528428	0.444237322				
1975	1.098365822	0.609324852	0.444237322				
1976	1.090174822	0.613930276	0.444237322				
1977	1.079332905	0.607693783	0.444237322				
1978	1.045653855	0.56777824	0.444237322				
1979	1.042710825	0.524919668	0.444237322				
1980	1.032173534	0.471523804	0.444237322				
1981	1.041518309	0.427472716	0.444237322				
1982	1.027612639	0.369515957	0.444237322				
1983	1.01542938	0.299375938	0.444237322				
1984	1.04811054	0.261917081	0.444237322				
1985	1.067309284	0.243656967	0.444237322				
1986	1.07396683	0.2320544	0.444237322				
1987	1.101993334	0.248478336	0.444237322				
1988	1.087835675	0.250744614	0.444237322				
1989	1.131198706	0.296373922	0.444237322				
1990	1.122226449	0.333030973	0.444237322				
1991	1.097371599	0.344833174	0.444237322				
1992	1.079097914	0.33836169	0.444237322				
1993	1.069484262	0.322276554	0.444237322				
1994	1.074880446	0.311587602	0.444237322				
1995	1.069847521	0.295865725	0.444237322				
1996	1.066166849	0.276463177	0.444237322				
1997	1.069180524	0.260074303	0.444237322				
1998	1.081277617	0.255782522	0.444237322				
1999	1.059289978	0.229503102	0.444237322				
2000	1.073535211	0.217468915	0.444237322				
2001	1.052703367	0.184602885	0.444237322				
2002	1.045971554	0.145005041	0.444237322				
2003	1.011276111	0.070711754	0.444237322				
2004	1.053186654	0.03832901	0.444237322				
2005	1.025758541	0	0.444237322				
2006	1.019421573	0	0.444237322				
2007	1.045465505	0	0.444237322				
2008	1.017662183	0	0.444237322				
2009	1.013573898	0	0.444237322				
2010	0.998755889	0	0.444237322				
2011	0.976629117	0	0.444237322				
2012	0.987040858	0	0.444237322				
2013	0.982192832	0	0.444237322				
2014	0.992126762	0	0.444237322				
2015	1.036873373	0	0.444237322				
2016	1.041434842	0	0.444237322				
2017	1.067625645	0	0.444237322				
2018	1.077917745	0	0.444237322				
2019	1.082324588	0	0.444237322				
2020	1.088323574	0.002754176	0.444237322				
2021	1.061850417	0	0.444237322				
2022	1.0291654	0	0.444237322				
2023	1.013142869	0	0.444237322				
2024	1.001275454	0	0.444237322				
2025	1.029349023	0	0.444237322				
2026	1.001658417	0	0.444237322				
2027	0.976462687	0	0.444237322				
2028	1.031635297	0	0.444237322				
2029	1.015711433	0	0.444237322				
2030	1.061149288	0	0.444237322				
2031	1.041936016	0	0.444237322				
2032	1.038308295	0	0.444237322				
2033	1.020571555	0	0.444237322				
2034	0.968707188	0	0.444237322				
2035	1.011649191	0	0.444237322				
2036	1.005883709	0	0.444237322				
2037	1.007264133	0	0.444237322				
2038	1.01502675	0	0.444237322				
2039	1.025544799	0	0.444237322				
2040	1.042659516	0	0.444237322				
2041	1.038578834	0	0.444237322				
2042	1.036038422	0	0.444237322				
2043	1.026073502	0	0.444237322				
2044	1.045361621	0	0.444237322				
2045	1.020654079	0	0.444237322				
2046	0.972500543	0	0.444237322				
2047	0.97545822	0	0.444237322				
2048	0.982128383	0	0.444237322				
2049	0.986026063	0	0.444237322				
2050	0.99488309	0	0.444237322				
2051	0.99692657	0	0.444237322				
2052	0.983191637	0	0.444237322				
2053	0.968276837	0	0.444237322				
2054	0.957439464	0	0.444237322				
2055	0.987052038	0	0.444237322				
2056	0.943304772	0	0.444237322				
2057	0.942997064	0	0.444237322				
2058	0.939546952	0	0.444237322				
2059	0.934058383	0	0.444237322				
2060	0.885017818	0	0.444237322				
2061	0.882957746	0	0.444237322				
2062	0.888781291	0	0.444237322				
2063	0.899881395	0	0.444237322				
2064	0.92865439	0	0.444237322				
2065	0.906317448	0	0.444237322				
2066	0.890241043	0	0.444237322				
2067	0.837101291	0	0.444237322				
2068	0.806604615	0	0.444237322				
2069	0.81617171	0	0.444237322				
2070	0.800143534	0	0.444237322				
2071	0.801463404	0	0.444237322				
2072	0.814748335	0	0.444237322				
2073	0.815375144	0	0.444237322				
2074	0.827959933	0	0.444237322				
2075	0.842917032	0	0.444237322				
2076	0.843190109	0	0.444237322				
2077	0.848819987	0	0.444237322				
2078	0.8581915	0	0.444237322				
2079	0.861943353	0	0.444237322				
2080	0.856321064	0	0.444237322				
2081	0.914642427	0	0.444237322				
2082	0.911482753	0	0.444237322				
2083	0.867765412	0	0.444237322				
2084	0.829088148	0	0.444237322				
2085	0.825272879	0	0.444237322				
2086	0.865024221	0	0.444237322				
2087	0.828350596	0	0.444237322				
2088	0.801739377	0	0.444237322				
2089	0.825207738	0	0.444237322				
2090	0.896350182	0	0.444237322				
2091	0.993524606	0	0.444237322				
2092	1.291729583	0.206160186	0.444237322				
2093	1.218624458	0.339215245	0.444237322				
2094	1.171451681	0.425097528	0.444237322				
2095	1.166961685	0.506489815	0.444237322				
2096	1.166613991	0.587534409	0.444237322				
2097	1.133203785	0.635168796	0.444237322				
2098	1.09634985	0.645949248	0.444237322				
2099	1.115312015	0.675691866	0.444237322				
2100	1.090740641	0.680863109	0.444237322				
2101	1.054186311	0.649480022	0.444237322				
2102	1.028161666	0.592072289	0.444237322				
2103	1.046801386	0.553304277	0.444237322				
2104	1.021126681	0.488861561	0.444237322				
2105	1.041087374	0.444379537	0.444237322				
2106	1.025362828	0.384172967	0.444237322				
2107	1.047563344	0.346166914	0.444237322				
2108	1.073061574	0.33365909	0.444237322				
2109	1.064640572	0.312730264	0.444237322				
2110	1.100229715	0.327390581	0.444237322				
2111	1.079768621	0.321589804	0.444237322				
2112	1.121472765	0.357493172	0.444237322				
2113	1.114954391	0.386878165	0.444237322				
2114	1.097099643	0.39840841	0.444237322				
2115	1.088046319	0.400885332	0.444237322				
2116	1.082380388	0.397696322	0.444237322				
2117	1.070909554	0.383036478	0.444237322				
2118	1.058708618	0.356175699	0.444237322				
2119	1.073279457	0.343885758	0.444237322				
2120	1.071240738	0.329557098	0.444237322				
2121	1.089756742	0.333744442	0.444237322				
2122	1.040744633	0.288919677	0.444237322				
2123	1.082087888	0.285438168	0.444237322				
2124	1.065073218	0.264941988	0.444237322				
2125	1.049507231	0.228879821	0.444237322				
2126	1.024334896	0.167645319	0.444237322				
2127	1.044372211	0.126448132	0.444237322				
2128	1.028145414	0.069024148	0.444237322				
2129	1.016750405	0.000205155	0.444237322				
2130	1.031076991	0	0.444237322				
2131	1.032723276	0	0.444237322				
2132	1.022349977	0	0.444237322				
2133	1.005056176	0	0.444237322				
2134	0.983492394	0	0.444237322				
2135	0.985167967	0	0.444237322				
2136	0.968086677	0	0.444237322				
2137	0.957392759	0	0.444237322				
2138	0.99371013	0	0.444237322				
2139	1.019947103	0	0.444237322				
2140	1.087729764	0.002160366	0.444237322				
2141	1.097255333	0.013846302	0.444237322				
2142	1.09400628	0.022283184	0.444237322				
2143	1.091473336	0.028187122	0.444237322				
2144	1.078624331	0.021242055	0.444237322				
2145	1.046595182	0	0.444237322				
2146	1.008258262	0	0.444237322				
2147	0.99686878	0	0.444237322				
2148	1.021667805	0	0.444237322				
2149	1.014383422	0	0.444237322				
2150	0.995336943	0	0.444237322				
2151	1.031952895	0	0.444237322				
2152	1.007251759	0	0.444237322				
2153	1.055593125	0	0.444237322				
2154	1.043846311	0	0.444237322				
2155	1.024743987	0	0.444237322				
2156	1.033743422	0	0.444237322				
2157	0.981570052	0	0.444237322				
2158	1.007509497	0	0.444237322				
2159	1.00315564	0	0.444237322				
2160	1.005950015	0	0.444237322				
2161	1.019996905	0	0.444237322				
2162	1.022869555	0	0.444237322				
2163	1.035579173	0	0.444237322				
2164	1.036755302	0	0.444237322				
2165	1.038303299	0	0.444237322				
2166	1.021729678	0	0.444237322				
2167	1.026531657	0	0.444237322				
2168	1.023822356	0	0.444237322				
2169	0.994865939	0	0.444237322				
2170	0.958736654	0	0.444237322				
2171	0.971602366	0	0.444237322				
2172	0.996372707	0	0.444237322				
2173	1.001803543	0	0.444237322				
2174	0.964471999	0	0.444237322				
2175	0.997310306	0	0.444237322				
2176	0.976523501	0	0.444237322				
2177	0.933661935	0	0.444237322				
2178	0.958942756	0	0.444237322				
2179	0.97120388	0	0.444237322				
2180	0.955743867	0	0.444237322				
2181	0.939990945	0	0.444237322				
2182	0.932828419	0	0.444237322				
2183	0.896865341	0	0.444237322				
2184	0.899217708	0	0.444237322				
2185	0.893641322	0	0.444237322				
2186	0.899410137	0	0.444237322				
2187	0.929343541	0	0.444237322				
2188	0.908942906	0	0.444237322				
2189	0.894535215	0	0.444237322				
2190	0.827171525	0	0.444237322				
2191	0.80458849	0	0.444237322				
2192	0.822578199	0	0.444237322				
2193	0.81423196	0	0.444237322				
2194	0.804336355	0	0.444237322				
2195	0.817307468	0	0.444237322				
2196	0.818299081	0	0.444237322				
2197	0.815463838	0	0.444237322				
2198	0.812474496	0	0.444237322				
2199	0.846110925	0	0.444237322				
2200	0.843887677	0	0.444237322				
2201	0.85680807	0	0.444237322				
2202	0.833661751	0	0.444237322				
2203	0.865323188	0	0.444237322				
2204	0.911045356	0	0.444237322				
2205	0.902647034	0	0.444237322				
2206	0.856917811	0	0.444237322				
2207	0.840969671	0	0.444237322				
2208	0.801842967	0	0.444237322				
2209	0.862446704	0	0.444237322				
2210	0.855624939	0	0.444237322				
2211	0.804313414	0	0.444237322				
2212	0.848148559	0	0.444237322				
2213	0.897416082	0	0.444237322				
2214	0.961180467	0	0.444237322				
2215	1.256873621	0.171304223	0.444237322				